# Projective Geometry PG(4, 4)
# Dimension k: 5, Field size q: 4
# Total Points: 341
# Format: Point_ID: (coord1, coord2, ...)
----------------------------------------
0: (0, 0, 0, 0, 1)
1: (0, 0, 0, 1, 0)
2: (0, 0, 0, 1, 1)
3: (0, 0, 0, 1, 2)
4: (0, 0, 0, 1, 3)
5: (0, 0, 1, 0, 0)
6: (0, 0, 1, 0, 1)
7: (0, 0, 1, 0, 2)
8: (0, 0, 1, 0, 3)
9: (0, 0, 1, 1, 0)
10: (0, 0, 1, 1, 1)
11: (0, 0, 1, 1, 2)
12: (0, 0, 1, 1, 3)
13: (0, 0, 1, 2, 0)
14: (0, 0, 1, 2, 1)
15: (0, 0, 1, 2, 2)
16: (0, 0, 1, 2, 3)
17: (0, 0, 1, 3, 0)
18: (0, 0, 1, 3, 1)
19: (0, 0, 1, 3, 2)
20: (0, 0, 1, 3, 3)
21: (0, 1, 0, 0, 0)
22: (0, 1, 0, 0, 1)
23: (0, 1, 0, 0, 2)
24: (0, 1, 0, 0, 3)
25: (0, 1, 0, 1, 0)
26: (0, 1, 0, 1, 1)
27: (0, 1, 0, 1, 2)
28: (0, 1, 0, 1, 3)
29: (0, 1, 0, 2, 0)
30: (0, 1, 0, 2, 1)
31: (0, 1, 0, 2, 2)
32: (0, 1, 0, 2, 3)
33: (0, 1, 0, 3, 0)
34: (0, 1, 0, 3, 1)
35: (0, 1, 0, 3, 2)
36: (0, 1, 0, 3, 3)
37: (0, 1, 1, 0, 0)
38: (0, 1, 1, 0, 1)
39: (0, 1, 1, 0, 2)
40: (0, 1, 1, 0, 3)
41: (0, 1, 1, 1, 0)
42: (0, 1, 1, 1, 1)
43: (0, 1, 1, 1, 2)
44: (0, 1, 1, 1, 3)
45: (0, 1, 1, 2, 0)
46: (0, 1, 1, 2, 1)
47: (0, 1, 1, 2, 2)
48: (0, 1, 1, 2, 3)
49: (0, 1, 1, 3, 0)
50: (0, 1, 1, 3, 1)
51: (0, 1, 1, 3, 2)
52: (0, 1, 1, 3, 3)
53: (0, 1, 2, 0, 0)
54: (0, 1, 2, 0, 1)
55: (0, 1, 2, 0, 2)
56: (0, 1, 2, 0, 3)
57: (0, 1, 2, 1, 0)
58: (0, 1, 2, 1, 1)
59: (0, 1, 2, 1, 2)
60: (0, 1, 2, 1, 3)
61: (0, 1, 2, 2, 0)
62: (0, 1, 2, 2, 1)
63: (0, 1, 2, 2, 2)
64: (0, 1, 2, 2, 3)
65: (0, 1, 2, 3, 0)
66: (0, 1, 2, 3, 1)
67: (0, 1, 2, 3, 2)
68: (0, 1, 2, 3, 3)
69: (0, 1, 3, 0, 0)
70: (0, 1, 3, 0, 1)
71: (0, 1, 3, 0, 2)
72: (0, 1, 3, 0, 3)
73: (0, 1, 3, 1, 0)
74: (0, 1, 3, 1, 1)
75: (0, 1, 3, 1, 2)
76: (0, 1, 3, 1, 3)
77: (0, 1, 3, 2, 0)
78: (0, 1, 3, 2, 1)
79: (0, 1, 3, 2, 2)
80: (0, 1, 3, 2, 3)
81: (0, 1, 3, 3, 0)
82: (0, 1, 3, 3, 1)
83: (0, 1, 3, 3, 2)
84: (0, 1, 3, 3, 3)
85: (1, 0, 0, 0, 0)
86: (1, 0, 0, 0, 1)
87: (1, 0, 0, 0, 2)
88: (1, 0, 0, 0, 3)
89: (1, 0, 0, 1, 0)
90: (1, 0, 0, 1, 1)
91: (1, 0, 0, 1, 2)
92: (1, 0, 0, 1, 3)
93: (1, 0, 0, 2, 0)
94: (1, 0, 0, 2, 1)
95: (1, 0, 0, 2, 2)
96: (1, 0, 0, 2, 3)
97: (1, 0, 0, 3, 0)
98: (1, 0, 0, 3, 1)
99: (1, 0, 0, 3, 2)
100: (1, 0, 0, 3, 3)
101: (1, 0, 1, 0, 0)
102: (1, 0, 1, 0, 1)
103: (1, 0, 1, 0, 2)
104: (1, 0, 1, 0, 3)
105: (1, 0, 1, 1, 0)
106: (1, 0, 1, 1, 1)
107: (1, 0, 1, 1, 2)
108: (1, 0, 1, 1, 3)
109: (1, 0, 1, 2, 0)
110: (1, 0, 1, 2, 1)
111: (1, 0, 1, 2, 2)
112: (1, 0, 1, 2, 3)
113: (1, 0, 1, 3, 0)
114: (1, 0, 1, 3, 1)
115: (1, 0, 1, 3, 2)
116: (1, 0, 1, 3, 3)
117: (1, 0, 2, 0, 0)
118: (1, 0, 2, 0, 1)
119: (1, 0, 2, 0, 2)
120: (1, 0, 2, 0, 3)
121: (1, 0, 2, 1, 0)
122: (1, 0, 2, 1, 1)
123: (1, 0, 2, 1, 2)
124: (1, 0, 2, 1, 3)
125: (1, 0, 2, 2, 0)
126: (1, 0, 2, 2, 1)
127: (1, 0, 2, 2, 2)
128: (1, 0, 2, 2, 3)
129: (1, 0, 2, 3, 0)
130: (1, 0, 2, 3, 1)
131: (1, 0, 2, 3, 2)
132: (1, 0, 2, 3, 3)
133: (1, 0, 3, 0, 0)
134: (1, 0, 3, 0, 1)
135: (1, 0, 3, 0, 2)
136: (1, 0, 3, 0, 3)
137: (1, 0, 3, 1, 0)
138: (1, 0, 3, 1, 1)
139: (1, 0, 3, 1, 2)
140: (1, 0, 3, 1, 3)
141: (1, 0, 3, 2, 0)
142: (1, 0, 3, 2, 1)
143: (1, 0, 3, 2, 2)
144: (1, 0, 3, 2, 3)
145: (1, 0, 3, 3, 0)
146: (1, 0, 3, 3, 1)
147: (1, 0, 3, 3, 2)
148: (1, 0, 3, 3, 3)
149: (1, 1, 0, 0, 0)
150: (1, 1, 0, 0, 1)
151: (1, 1, 0, 0, 2)
152: (1, 1, 0, 0, 3)
153: (1, 1, 0, 1, 0)
154: (1, 1, 0, 1, 1)
155: (1, 1, 0, 1, 2)
156: (1, 1, 0, 1, 3)
157: (1, 1, 0, 2, 0)
158: (1, 1, 0, 2, 1)
159: (1, 1, 0, 2, 2)
160: (1, 1, 0, 2, 3)
161: (1, 1, 0, 3, 0)
162: (1, 1, 0, 3, 1)
163: (1, 1, 0, 3, 2)
164: (1, 1, 0, 3, 3)
165: (1, 1, 1, 0, 0)
166: (1, 1, 1, 0, 1)
167: (1, 1, 1, 0, 2)
168: (1, 1, 1, 0, 3)
169: (1, 1, 1, 1, 0)
170: (1, 1, 1, 1, 1)
171: (1, 1, 1, 1, 2)
172: (1, 1, 1, 1, 3)
173: (1, 1, 1, 2, 0)
174: (1, 1, 1, 2, 1)
175: (1, 1, 1, 2, 2)
176: (1, 1, 1, 2, 3)
177: (1, 1, 1, 3, 0)
178: (1, 1, 1, 3, 1)
179: (1, 1, 1, 3, 2)
180: (1, 1, 1, 3, 3)
181: (1, 1, 2, 0, 0)
182: (1, 1, 2, 0, 1)
183: (1, 1, 2, 0, 2)
184: (1, 1, 2, 0, 3)
185: (1, 1, 2, 1, 0)
186: (1, 1, 2, 1, 1)
187: (1, 1, 2, 1, 2)
188: (1, 1, 2, 1, 3)
189: (1, 1, 2, 2, 0)
190: (1, 1, 2, 2, 1)
191: (1, 1, 2, 2, 2)
192: (1, 1, 2, 2, 3)
193: (1, 1, 2, 3, 0)
194: (1, 1, 2, 3, 1)
195: (1, 1, 2, 3, 2)
196: (1, 1, 2, 3, 3)
197: (1, 1, 3, 0, 0)
198: (1, 1, 3, 0, 1)
199: (1, 1, 3, 0, 2)
200: (1, 1, 3, 0, 3)
201: (1, 1, 3, 1, 0)
202: (1, 1, 3, 1, 1)
203: (1, 1, 3, 1, 2)
204: (1, 1, 3, 1, 3)
205: (1, 1, 3, 2, 0)
206: (1, 1, 3, 2, 1)
207: (1, 1, 3, 2, 2)
208: (1, 1, 3, 2, 3)
209: (1, 1, 3, 3, 0)
210: (1, 1, 3, 3, 1)
211: (1, 1, 3, 3, 2)
212: (1, 1, 3, 3, 3)
213: (1, 2, 0, 0, 0)
214: (1, 2, 0, 0, 1)
215: (1, 2, 0, 0, 2)
216: (1, 2, 0, 0, 3)
217: (1, 2, 0, 1, 0)
218: (1, 2, 0, 1, 1)
219: (1, 2, 0, 1, 2)
220: (1, 2, 0, 1, 3)
221: (1, 2, 0, 2, 0)
222: (1, 2, 0, 2, 1)
223: (1, 2, 0, 2, 2)
224: (1, 2, 0, 2, 3)
225: (1, 2, 0, 3, 0)
226: (1, 2, 0, 3, 1)
227: (1, 2, 0, 3, 2)
228: (1, 2, 0, 3, 3)
229: (1, 2, 1, 0, 0)
230: (1, 2, 1, 0, 1)
231: (1, 2, 1, 0, 2)
232: (1, 2, 1, 0, 3)
233: (1, 2, 1, 1, 0)
234: (1, 2, 1, 1, 1)
235: (1, 2, 1, 1, 2)
236: (1, 2, 1, 1, 3)
237: (1, 2, 1, 2, 0)
238: (1, 2, 1, 2, 1)
239: (1, 2, 1, 2, 2)
240: (1, 2, 1, 2, 3)
241: (1, 2, 1, 3, 0)
242: (1, 2, 1, 3, 1)
243: (1, 2, 1, 3, 2)
244: (1, 2, 1, 3, 3)
245: (1, 2, 2, 0, 0)
246: (1, 2, 2, 0, 1)
247: (1, 2, 2, 0, 2)
248: (1, 2, 2, 0, 3)
249: (1, 2, 2, 1, 0)
250: (1, 2, 2, 1, 1)
251: (1, 2, 2, 1, 2)
252: (1, 2, 2, 1, 3)
253: (1, 2, 2, 2, 0)
254: (1, 2, 2, 2, 1)
255: (1, 2, 2, 2, 2)
256: (1, 2, 2, 2, 3)
257: (1, 2, 2, 3, 0)
258: (1, 2, 2, 3, 1)
259: (1, 2, 2, 3, 2)
260: (1, 2, 2, 3, 3)
261: (1, 2, 3, 0, 0)
262: (1, 2, 3, 0, 1)
263: (1, 2, 3, 0, 2)
264: (1, 2, 3, 0, 3)
265: (1, 2, 3, 1, 0)
266: (1, 2, 3, 1, 1)
267: (1, 2, 3, 1, 2)
268: (1, 2, 3, 1, 3)
269: (1, 2, 3, 2, 0)
270: (1, 2, 3, 2, 1)
271: (1, 2, 3, 2, 2)
272: (1, 2, 3, 2, 3)
273: (1, 2, 3, 3, 0)
274: (1, 2, 3, 3, 1)
275: (1, 2, 3, 3, 2)
276: (1, 2, 3, 3, 3)
277: (1, 3, 0, 0, 0)
278: (1, 3, 0, 0, 1)
279: (1, 3, 0, 0, 2)
280: (1, 3, 0, 0, 3)
281: (1, 3, 0, 1, 0)
282: (1, 3, 0, 1, 1)
283: (1, 3, 0, 1, 2)
284: (1, 3, 0, 1, 3)
285: (1, 3, 0, 2, 0)
286: (1, 3, 0, 2, 1)
287: (1, 3, 0, 2, 2)
288: (1, 3, 0, 2, 3)
289: (1, 3, 0, 3, 0)
290: (1, 3, 0, 3, 1)
291: (1, 3, 0, 3, 2)
292: (1, 3, 0, 3, 3)
293: (1, 3, 1, 0, 0)
294: (1, 3, 1, 0, 1)
295: (1, 3, 1, 0, 2)
296: (1, 3, 1, 0, 3)
297: (1, 3, 1, 1, 0)
298: (1, 3, 1, 1, 1)
299: (1, 3, 1, 1, 2)
300: (1, 3, 1, 1, 3)
301: (1, 3, 1, 2, 0)
302: (1, 3, 1, 2, 1)
303: (1, 3, 1, 2, 2)
304: (1, 3, 1, 2, 3)
305: (1, 3, 1, 3, 0)
306: (1, 3, 1, 3, 1)
307: (1, 3, 1, 3, 2)
308: (1, 3, 1, 3, 3)
309: (1, 3, 2, 0, 0)
310: (1, 3, 2, 0, 1)
311: (1, 3, 2, 0, 2)
312: (1, 3, 2, 0, 3)
313: (1, 3, 2, 1, 0)
314: (1, 3, 2, 1, 1)
315: (1, 3, 2, 1, 2)
316: (1, 3, 2, 1, 3)
317: (1, 3, 2, 2, 0)
318: (1, 3, 2, 2, 1)
319: (1, 3, 2, 2, 2)
320: (1, 3, 2, 2, 3)
321: (1, 3, 2, 3, 0)
322: (1, 3, 2, 3, 1)
323: (1, 3, 2, 3, 2)
324: (1, 3, 2, 3, 3)
325: (1, 3, 3, 0, 0)
326: (1, 3, 3, 0, 1)
327: (1, 3, 3, 0, 2)
328: (1, 3, 3, 0, 3)
329: (1, 3, 3, 1, 0)
330: (1, 3, 3, 1, 1)
331: (1, 3, 3, 1, 2)
332: (1, 3, 3, 1, 3)
333: (1, 3, 3, 2, 0)
334: (1, 3, 3, 2, 1)
335: (1, 3, 3, 2, 2)
336: (1, 3, 3, 2, 3)
337: (1, 3, 3, 3, 0)
338: (1, 3, 3, 3, 1)
339: (1, 3, 3, 3, 2)
340: (1, 3, 3, 3, 3)
