# Projective Geometry PG(3, 8)
# Dimension k: 4, Field size q: 8
# Total Points: 585
# Format: Point_ID: (coord1, coord2, ...)
----------------------------------------
0: (0, 0, 0, 1)
1: (0, 0, 1, 0)
2: (0, 0, 1, 1)
3: (0, 0, 1, 2)
4: (0, 0, 1, 3)
5: (0, 0, 1, 4)
6: (0, 0, 1, 5)
7: (0, 0, 1, 6)
8: (0, 0, 1, 7)
9: (0, 1, 0, 0)
10: (0, 1, 0, 1)
11: (0, 1, 0, 2)
12: (0, 1, 0, 3)
13: (0, 1, 0, 4)
14: (0, 1, 0, 5)
15: (0, 1, 0, 6)
16: (0, 1, 0, 7)
17: (0, 1, 1, 0)
18: (0, 1, 1, 1)
19: (0, 1, 1, 2)
20: (0, 1, 1, 3)
21: (0, 1, 1, 4)
22: (0, 1, 1, 5)
23: (0, 1, 1, 6)
24: (0, 1, 1, 7)
25: (0, 1, 2, 0)
26: (0, 1, 2, 1)
27: (0, 1, 2, 2)
28: (0, 1, 2, 3)
29: (0, 1, 2, 4)
30: (0, 1, 2, 5)
31: (0, 1, 2, 6)
32: (0, 1, 2, 7)
33: (0, 1, 3, 0)
34: (0, 1, 3, 1)
35: (0, 1, 3, 2)
36: (0, 1, 3, 3)
37: (0, 1, 3, 4)
38: (0, 1, 3, 5)
39: (0, 1, 3, 6)
40: (0, 1, 3, 7)
41: (0, 1, 4, 0)
42: (0, 1, 4, 1)
43: (0, 1, 4, 2)
44: (0, 1, 4, 3)
45: (0, 1, 4, 4)
46: (0, 1, 4, 5)
47: (0, 1, 4, 6)
48: (0, 1, 4, 7)
49: (0, 1, 5, 0)
50: (0, 1, 5, 1)
51: (0, 1, 5, 2)
52: (0, 1, 5, 3)
53: (0, 1, 5, 4)
54: (0, 1, 5, 5)
55: (0, 1, 5, 6)
56: (0, 1, 5, 7)
57: (0, 1, 6, 0)
58: (0, 1, 6, 1)
59: (0, 1, 6, 2)
60: (0, 1, 6, 3)
61: (0, 1, 6, 4)
62: (0, 1, 6, 5)
63: (0, 1, 6, 6)
64: (0, 1, 6, 7)
65: (0, 1, 7, 0)
66: (0, 1, 7, 1)
67: (0, 1, 7, 2)
68: (0, 1, 7, 3)
69: (0, 1, 7, 4)
70: (0, 1, 7, 5)
71: (0, 1, 7, 6)
72: (0, 1, 7, 7)
73: (1, 0, 0, 0)
74: (1, 0, 0, 1)
75: (1, 0, 0, 2)
76: (1, 0, 0, 3)
77: (1, 0, 0, 4)
78: (1, 0, 0, 5)
79: (1, 0, 0, 6)
80: (1, 0, 0, 7)
81: (1, 0, 1, 0)
82: (1, 0, 1, 1)
83: (1, 0, 1, 2)
84: (1, 0, 1, 3)
85: (1, 0, 1, 4)
86: (1, 0, 1, 5)
87: (1, 0, 1, 6)
88: (1, 0, 1, 7)
89: (1, 0, 2, 0)
90: (1, 0, 2, 1)
91: (1, 0, 2, 2)
92: (1, 0, 2, 3)
93: (1, 0, 2, 4)
94: (1, 0, 2, 5)
95: (1, 0, 2, 6)
96: (1, 0, 2, 7)
97: (1, 0, 3, 0)
98: (1, 0, 3, 1)
99: (1, 0, 3, 2)
100: (1, 0, 3, 3)
101: (1, 0, 3, 4)
102: (1, 0, 3, 5)
103: (1, 0, 3, 6)
104: (1, 0, 3, 7)
105: (1, 0, 4, 0)
106: (1, 0, 4, 1)
107: (1, 0, 4, 2)
108: (1, 0, 4, 3)
109: (1, 0, 4, 4)
110: (1, 0, 4, 5)
111: (1, 0, 4, 6)
112: (1, 0, 4, 7)
113: (1, 0, 5, 0)
114: (1, 0, 5, 1)
115: (1, 0, 5, 2)
116: (1, 0, 5, 3)
117: (1, 0, 5, 4)
118: (1, 0, 5, 5)
119: (1, 0, 5, 6)
120: (1, 0, 5, 7)
121: (1, 0, 6, 0)
122: (1, 0, 6, 1)
123: (1, 0, 6, 2)
124: (1, 0, 6, 3)
125: (1, 0, 6, 4)
126: (1, 0, 6, 5)
127: (1, 0, 6, 6)
128: (1, 0, 6, 7)
129: (1, 0, 7, 0)
130: (1, 0, 7, 1)
131: (1, 0, 7, 2)
132: (1, 0, 7, 3)
133: (1, 0, 7, 4)
134: (1, 0, 7, 5)
135: (1, 0, 7, 6)
136: (1, 0, 7, 7)
137: (1, 1, 0, 0)
138: (1, 1, 0, 1)
139: (1, 1, 0, 2)
140: (1, 1, 0, 3)
141: (1, 1, 0, 4)
142: (1, 1, 0, 5)
143: (1, 1, 0, 6)
144: (1, 1, 0, 7)
145: (1, 1, 1, 0)
146: (1, 1, 1, 1)
147: (1, 1, 1, 2)
148: (1, 1, 1, 3)
149: (1, 1, 1, 4)
150: (1, 1, 1, 5)
151: (1, 1, 1, 6)
152: (1, 1, 1, 7)
153: (1, 1, 2, 0)
154: (1, 1, 2, 1)
155: (1, 1, 2, 2)
156: (1, 1, 2, 3)
157: (1, 1, 2, 4)
158: (1, 1, 2, 5)
159: (1, 1, 2, 6)
160: (1, 1, 2, 7)
161: (1, 1, 3, 0)
162: (1, 1, 3, 1)
163: (1, 1, 3, 2)
164: (1, 1, 3, 3)
165: (1, 1, 3, 4)
166: (1, 1, 3, 5)
167: (1, 1, 3, 6)
168: (1, 1, 3, 7)
169: (1, 1, 4, 0)
170: (1, 1, 4, 1)
171: (1, 1, 4, 2)
172: (1, 1, 4, 3)
173: (1, 1, 4, 4)
174: (1, 1, 4, 5)
175: (1, 1, 4, 6)
176: (1, 1, 4, 7)
177: (1, 1, 5, 0)
178: (1, 1, 5, 1)
179: (1, 1, 5, 2)
180: (1, 1, 5, 3)
181: (1, 1, 5, 4)
182: (1, 1, 5, 5)
183: (1, 1, 5, 6)
184: (1, 1, 5, 7)
185: (1, 1, 6, 0)
186: (1, 1, 6, 1)
187: (1, 1, 6, 2)
188: (1, 1, 6, 3)
189: (1, 1, 6, 4)
190: (1, 1, 6, 5)
191: (1, 1, 6, 6)
192: (1, 1, 6, 7)
193: (1, 1, 7, 0)
194: (1, 1, 7, 1)
195: (1, 1, 7, 2)
196: (1, 1, 7, 3)
197: (1, 1, 7, 4)
198: (1, 1, 7, 5)
199: (1, 1, 7, 6)
200: (1, 1, 7, 7)
201: (1, 2, 0, 0)
202: (1, 2, 0, 1)
203: (1, 2, 0, 2)
204: (1, 2, 0, 3)
205: (1, 2, 0, 4)
206: (1, 2, 0, 5)
207: (1, 2, 0, 6)
208: (1, 2, 0, 7)
209: (1, 2, 1, 0)
210: (1, 2, 1, 1)
211: (1, 2, 1, 2)
212: (1, 2, 1, 3)
213: (1, 2, 1, 4)
214: (1, 2, 1, 5)
215: (1, 2, 1, 6)
216: (1, 2, 1, 7)
217: (1, 2, 2, 0)
218: (1, 2, 2, 1)
219: (1, 2, 2, 2)
220: (1, 2, 2, 3)
221: (1, 2, 2, 4)
222: (1, 2, 2, 5)
223: (1, 2, 2, 6)
224: (1, 2, 2, 7)
225: (1, 2, 3, 0)
226: (1, 2, 3, 1)
227: (1, 2, 3, 2)
228: (1, 2, 3, 3)
229: (1, 2, 3, 4)
230: (1, 2, 3, 5)
231: (1, 2, 3, 6)
232: (1, 2, 3, 7)
233: (1, 2, 4, 0)
234: (1, 2, 4, 1)
235: (1, 2, 4, 2)
236: (1, 2, 4, 3)
237: (1, 2, 4, 4)
238: (1, 2, 4, 5)
239: (1, 2, 4, 6)
240: (1, 2, 4, 7)
241: (1, 2, 5, 0)
242: (1, 2, 5, 1)
243: (1, 2, 5, 2)
244: (1, 2, 5, 3)
245: (1, 2, 5, 4)
246: (1, 2, 5, 5)
247: (1, 2, 5, 6)
248: (1, 2, 5, 7)
249: (1, 2, 6, 0)
250: (1, 2, 6, 1)
251: (1, 2, 6, 2)
252: (1, 2, 6, 3)
253: (1, 2, 6, 4)
254: (1, 2, 6, 5)
255: (1, 2, 6, 6)
256: (1, 2, 6, 7)
257: (1, 2, 7, 0)
258: (1, 2, 7, 1)
259: (1, 2, 7, 2)
260: (1, 2, 7, 3)
261: (1, 2, 7, 4)
262: (1, 2, 7, 5)
263: (1, 2, 7, 6)
264: (1, 2, 7, 7)
265: (1, 3, 0, 0)
266: (1, 3, 0, 1)
267: (1, 3, 0, 2)
268: (1, 3, 0, 3)
269: (1, 3, 0, 4)
270: (1, 3, 0, 5)
271: (1, 3, 0, 6)
272: (1, 3, 0, 7)
273: (1, 3, 1, 0)
274: (1, 3, 1, 1)
275: (1, 3, 1, 2)
276: (1, 3, 1, 3)
277: (1, 3, 1, 4)
278: (1, 3, 1, 5)
279: (1, 3, 1, 6)
280: (1, 3, 1, 7)
281: (1, 3, 2, 0)
282: (1, 3, 2, 1)
283: (1, 3, 2, 2)
284: (1, 3, 2, 3)
285: (1, 3, 2, 4)
286: (1, 3, 2, 5)
287: (1, 3, 2, 6)
288: (1, 3, 2, 7)
289: (1, 3, 3, 0)
290: (1, 3, 3, 1)
291: (1, 3, 3, 2)
292: (1, 3, 3, 3)
293: (1, 3, 3, 4)
294: (1, 3, 3, 5)
295: (1, 3, 3, 6)
296: (1, 3, 3, 7)
297: (1, 3, 4, 0)
298: (1, 3, 4, 1)
299: (1, 3, 4, 2)
300: (1, 3, 4, 3)
301: (1, 3, 4, 4)
302: (1, 3, 4, 5)
303: (1, 3, 4, 6)
304: (1, 3, 4, 7)
305: (1, 3, 5, 0)
306: (1, 3, 5, 1)
307: (1, 3, 5, 2)
308: (1, 3, 5, 3)
309: (1, 3, 5, 4)
310: (1, 3, 5, 5)
311: (1, 3, 5, 6)
312: (1, 3, 5, 7)
313: (1, 3, 6, 0)
314: (1, 3, 6, 1)
315: (1, 3, 6, 2)
316: (1, 3, 6, 3)
317: (1, 3, 6, 4)
318: (1, 3, 6, 5)
319: (1, 3, 6, 6)
320: (1, 3, 6, 7)
321: (1, 3, 7, 0)
322: (1, 3, 7, 1)
323: (1, 3, 7, 2)
324: (1, 3, 7, 3)
325: (1, 3, 7, 4)
326: (1, 3, 7, 5)
327: (1, 3, 7, 6)
328: (1, 3, 7, 7)
329: (1, 4, 0, 0)
330: (1, 4, 0, 1)
331: (1, 4, 0, 2)
332: (1, 4, 0, 3)
333: (1, 4, 0, 4)
334: (1, 4, 0, 5)
335: (1, 4, 0, 6)
336: (1, 4, 0, 7)
337: (1, 4, 1, 0)
338: (1, 4, 1, 1)
339: (1, 4, 1, 2)
340: (1, 4, 1, 3)
341: (1, 4, 1, 4)
342: (1, 4, 1, 5)
343: (1, 4, 1, 6)
344: (1, 4, 1, 7)
345: (1, 4, 2, 0)
346: (1, 4, 2, 1)
347: (1, 4, 2, 2)
348: (1, 4, 2, 3)
349: (1, 4, 2, 4)
350: (1, 4, 2, 5)
351: (1, 4, 2, 6)
352: (1, 4, 2, 7)
353: (1, 4, 3, 0)
354: (1, 4, 3, 1)
355: (1, 4, 3, 2)
356: (1, 4, 3, 3)
357: (1, 4, 3, 4)
358: (1, 4, 3, 5)
359: (1, 4, 3, 6)
360: (1, 4, 3, 7)
361: (1, 4, 4, 0)
362: (1, 4, 4, 1)
363: (1, 4, 4, 2)
364: (1, 4, 4, 3)
365: (1, 4, 4, 4)
366: (1, 4, 4, 5)
367: (1, 4, 4, 6)
368: (1, 4, 4, 7)
369: (1, 4, 5, 0)
370: (1, 4, 5, 1)
371: (1, 4, 5, 2)
372: (1, 4, 5, 3)
373: (1, 4, 5, 4)
374: (1, 4, 5, 5)
375: (1, 4, 5, 6)
376: (1, 4, 5, 7)
377: (1, 4, 6, 0)
378: (1, 4, 6, 1)
379: (1, 4, 6, 2)
380: (1, 4, 6, 3)
381: (1, 4, 6, 4)
382: (1, 4, 6, 5)
383: (1, 4, 6, 6)
384: (1, 4, 6, 7)
385: (1, 4, 7, 0)
386: (1, 4, 7, 1)
387: (1, 4, 7, 2)
388: (1, 4, 7, 3)
389: (1, 4, 7, 4)
390: (1, 4, 7, 5)
391: (1, 4, 7, 6)
392: (1, 4, 7, 7)
393: (1, 5, 0, 0)
394: (1, 5, 0, 1)
395: (1, 5, 0, 2)
396: (1, 5, 0, 3)
397: (1, 5, 0, 4)
398: (1, 5, 0, 5)
399: (1, 5, 0, 6)
400: (1, 5, 0, 7)
401: (1, 5, 1, 0)
402: (1, 5, 1, 1)
403: (1, 5, 1, 2)
404: (1, 5, 1, 3)
405: (1, 5, 1, 4)
406: (1, 5, 1, 5)
407: (1, 5, 1, 6)
408: (1, 5, 1, 7)
409: (1, 5, 2, 0)
410: (1, 5, 2, 1)
411: (1, 5, 2, 2)
412: (1, 5, 2, 3)
413: (1, 5, 2, 4)
414: (1, 5, 2, 5)
415: (1, 5, 2, 6)
416: (1, 5, 2, 7)
417: (1, 5, 3, 0)
418: (1, 5, 3, 1)
419: (1, 5, 3, 2)
420: (1, 5, 3, 3)
421: (1, 5, 3, 4)
422: (1, 5, 3, 5)
423: (1, 5, 3, 6)
424: (1, 5, 3, 7)
425: (1, 5, 4, 0)
426: (1, 5, 4, 1)
427: (1, 5, 4, 2)
428: (1, 5, 4, 3)
429: (1, 5, 4, 4)
430: (1, 5, 4, 5)
431: (1, 5, 4, 6)
432: (1, 5, 4, 7)
433: (1, 5, 5, 0)
434: (1, 5, 5, 1)
435: (1, 5, 5, 2)
436: (1, 5, 5, 3)
437: (1, 5, 5, 4)
438: (1, 5, 5, 5)
439: (1, 5, 5, 6)
440: (1, 5, 5, 7)
441: (1, 5, 6, 0)
442: (1, 5, 6, 1)
443: (1, 5, 6, 2)
444: (1, 5, 6, 3)
445: (1, 5, 6, 4)
446: (1, 5, 6, 5)
447: (1, 5, 6, 6)
448: (1, 5, 6, 7)
449: (1, 5, 7, 0)
450: (1, 5, 7, 1)
451: (1, 5, 7, 2)
452: (1, 5, 7, 3)
453: (1, 5, 7, 4)
454: (1, 5, 7, 5)
455: (1, 5, 7, 6)
456: (1, 5, 7, 7)
457: (1, 6, 0, 0)
458: (1, 6, 0, 1)
459: (1, 6, 0, 2)
460: (1, 6, 0, 3)
461: (1, 6, 0, 4)
462: (1, 6, 0, 5)
463: (1, 6, 0, 6)
464: (1, 6, 0, 7)
465: (1, 6, 1, 0)
466: (1, 6, 1, 1)
467: (1, 6, 1, 2)
468: (1, 6, 1, 3)
469: (1, 6, 1, 4)
470: (1, 6, 1, 5)
471: (1, 6, 1, 6)
472: (1, 6, 1, 7)
473: (1, 6, 2, 0)
474: (1, 6, 2, 1)
475: (1, 6, 2, 2)
476: (1, 6, 2, 3)
477: (1, 6, 2, 4)
478: (1, 6, 2, 5)
479: (1, 6, 2, 6)
480: (1, 6, 2, 7)
481: (1, 6, 3, 0)
482: (1, 6, 3, 1)
483: (1, 6, 3, 2)
484: (1, 6, 3, 3)
485: (1, 6, 3, 4)
486: (1, 6, 3, 5)
487: (1, 6, 3, 6)
488: (1, 6, 3, 7)
489: (1, 6, 4, 0)
490: (1, 6, 4, 1)
491: (1, 6, 4, 2)
492: (1, 6, 4, 3)
493: (1, 6, 4, 4)
494: (1, 6, 4, 5)
495: (1, 6, 4, 6)
496: (1, 6, 4, 7)
497: (1, 6, 5, 0)
498: (1, 6, 5, 1)
499: (1, 6, 5, 2)
500: (1, 6, 5, 3)
501: (1, 6, 5, 4)
502: (1, 6, 5, 5)
503: (1, 6, 5, 6)
504: (1, 6, 5, 7)
505: (1, 6, 6, 0)
506: (1, 6, 6, 1)
507: (1, 6, 6, 2)
508: (1, 6, 6, 3)
509: (1, 6, 6, 4)
510: (1, 6, 6, 5)
511: (1, 6, 6, 6)
512: (1, 6, 6, 7)
513: (1, 6, 7, 0)
514: (1, 6, 7, 1)
515: (1, 6, 7, 2)
516: (1, 6, 7, 3)
517: (1, 6, 7, 4)
518: (1, 6, 7, 5)
519: (1, 6, 7, 6)
520: (1, 6, 7, 7)
521: (1, 7, 0, 0)
522: (1, 7, 0, 1)
523: (1, 7, 0, 2)
524: (1, 7, 0, 3)
525: (1, 7, 0, 4)
526: (1, 7, 0, 5)
527: (1, 7, 0, 6)
528: (1, 7, 0, 7)
529: (1, 7, 1, 0)
530: (1, 7, 1, 1)
531: (1, 7, 1, 2)
532: (1, 7, 1, 3)
533: (1, 7, 1, 4)
534: (1, 7, 1, 5)
535: (1, 7, 1, 6)
536: (1, 7, 1, 7)
537: (1, 7, 2, 0)
538: (1, 7, 2, 1)
539: (1, 7, 2, 2)
540: (1, 7, 2, 3)
541: (1, 7, 2, 4)
542: (1, 7, 2, 5)
543: (1, 7, 2, 6)
544: (1, 7, 2, 7)
545: (1, 7, 3, 0)
546: (1, 7, 3, 1)
547: (1, 7, 3, 2)
548: (1, 7, 3, 3)
549: (1, 7, 3, 4)
550: (1, 7, 3, 5)
551: (1, 7, 3, 6)
552: (1, 7, 3, 7)
553: (1, 7, 4, 0)
554: (1, 7, 4, 1)
555: (1, 7, 4, 2)
556: (1, 7, 4, 3)
557: (1, 7, 4, 4)
558: (1, 7, 4, 5)
559: (1, 7, 4, 6)
560: (1, 7, 4, 7)
561: (1, 7, 5, 0)
562: (1, 7, 5, 1)
563: (1, 7, 5, 2)
564: (1, 7, 5, 3)
565: (1, 7, 5, 4)
566: (1, 7, 5, 5)
567: (1, 7, 5, 6)
568: (1, 7, 5, 7)
569: (1, 7, 6, 0)
570: (1, 7, 6, 1)
571: (1, 7, 6, 2)
572: (1, 7, 6, 3)
573: (1, 7, 6, 4)
574: (1, 7, 6, 5)
575: (1, 7, 6, 6)
576: (1, 7, 6, 7)
577: (1, 7, 7, 0)
578: (1, 7, 7, 1)
579: (1, 7, 7, 2)
580: (1, 7, 7, 3)
581: (1, 7, 7, 4)
582: (1, 7, 7, 5)
583: (1, 7, 7, 6)
584: (1, 7, 7, 7)
